#sobject_id secondary
#131118002401288 151219002101188
#131118002901105 180101003101291
#131120002501098 171207002101138
#131120003001192 140309002101304
#131123003001121 131123003001162
#131123003001162 131123003001121
#131216001102391 180101003101291
140114003701239 150102002201388
140309002101091 171230002601062
140309002101304 131120003001192
#140311006601008 160125003001387
#140311006601119 150105002201118
#140311008101178 170614002101176
140314002601294 140314002601297
140314002601297 140314002601294
140316002801163 140316002801167
140316002801167 140316002801163
140412000201301 160415002101301
140412001701320 170517002301320
140609002101072 150428003101053
140609004901226 140609004901238
140609004901238 140609004901226
140707000601140 150428001601143
140708005301013 151009002601014
140708005301070 151009002601072
140708005301144 151009002601139
140710004601206 160813002101209
140711003401005 140711003401166
140711003401166 140711003401005
140805004201379 140805004201396
140805004201396 140805004201379
140808003701069 140808003701071
140808003701071 140808003701069
140810005301104 140823002201095
140810005301107 140823002201107
140823002201095 140823002201107
140823002201107 140823002201095
#140823002202095 140823002201107
#140823002202107 140823002201095
#141101003501243 150209002701244
141104002301070 141104002301072
141104002301072 141104002301070
141104002301275 141104002301335
141104002301335 141104002301275
141231004001281 141231004001283
141231004001283 141231004001281
150102002201388 140114003701239
150102002701255 161229002701251
150102002701275 161229002701276
150105002201118 140311006601119
150106003701127 150106003701137
150106003701137 150106003701127
150108002201269 170109002801101
150207002601099 171206005101090
150209002701244 141101003501243
150211003701379 150211003701380
150211003701380 150211003701379
150409002601096 150409002601097
150409002601097 150409002601096
150409002601340 150411003101336
150409004101120 150413002601120
150409005601005 150427002301018
150409006101013 150427001801013
150409006101332 150427001801333
150409006601016 160531002601015
150410003301098 150410003301102
150410003301102 150410003301098
150411003101336 150409002601340
150411003601062 150411003601071
150411003601071 150411003601062
150412006101144 150604003901145
150413002601120 150409004101120
150426000601388 150429003101384
150426001101058 150604003401073
150426001101069 150426001101058
150426001101185 150604003401185
150427001301227 170219003101228
150427001301281 170219003101287
150427001801013 150409006101013
150427001801333 150409006101332
150427002301018 150409005601005
150427002801372 150606003901372
150427003301117 150428001601117
150427003301141 150428001601143
#150427003302141 150428001601143
150427004301058 150604003401073
150427004301069 150426001101058
150427004301185 150604003401185
#150427004302058 150604003401073
#150427004302069 150426001101058
#150427004302185 150604003401185
150427004801372 150606003901372
#150427004802372 150606003901372
150428001601117 150427003301117
150428001601143 140707000601140
150428002101053 140609002101072
150428003101053 140609002101072
#150428003102053 140609002101072
150429003101384 150426000601388
150430002801382 160402005601367
150531000901043 150531000901057
150531000901057 150531000901043
150601004001252 150602004401252
150602004401252 150601004001252
150604003401073 150426001101058
150604003401184 150604003401185
150604003401185 150604003401184
#150604003402073 150426001101058
#150604003402184 150604003401185
150604003901145 150412006101144
150606003901372 150427004802372
150703002101169 150703002101178
150703002101178 150703002101169
150827002901252 160812003101254
150827002901326 160812003101336
150829004301095 150829004301097
150829004301097 150829004301095
150830005101273 150830005101293
150830005101293 150830005101273
150830006601013 151227004201015
150830006601015 150830006601013
150831006001335 161218002101113
151008004001147 151008004001149
151008004001149 151008004001147
151009002601014 140708005301013
151009002601072 140708005301070
151009002601139 140708005301144
151009004101148 151111002601148
151009004601070 160106002101085
151009004601326 151009004601330
151009004601330 151009004601326
151109002101145 170724005101147
151109002101230 170724005101228
151109002601093 160923003701093
151110001601020 151110001601394
151110001601243 151110002101228
151110001601394 151110001601020
151110002101228 151110001601243
151110004201051 151110004201055
151110004201055 151110004201051
151111001601396 151111001601399
151111001601399 151111001601396
151111002601148 151009004101148
151219001601115 151219001601117
151219001601117 151228002601116
151219002101188 131118002401288
151225003801025 151225003801026
151225003801026 151225003801025
151227004201013 151227004201015
151227004201015 150830006601013
#151227004202013 151227004201015
#151227004202015 150830006601013
151228002601116 151219001601117
151228002601117 151228002601116
#151228002602116 151219001601117
#151228002602117 151228002601116
151229003001116 151219001601117
151229003001117 151228002601116
#151229003002116 151219001601117
#151229003002117 151228002601116
160106002101085 151009004601070
160107002601068 160107002601139
160107002601139 160107002601068
160107002601291 160107002601294
160107002601294 160107002601291
160107003601078 160108002601077
160108002601077 160107003601078
160108003101098 160112001601101
160109002701352 160109002701353
160109002701353 160109002701352
160110002601291 161228002501291
160110003601273 160110003601278
160110003601278 160110003601273
160112001601101 160108003101098
160112001601228 160112001601232
160112001601232 160112001601228
160125003001387 140311006601008
160130005801379 160130005801392
160130005801392 160130005801379
160328003201034 160328003201036
160328003201036 160328003201034
160402005601367 150430002801382
160403004201140 170219004101139
160415002101301 140412000201301
160423003801308 160423003801310
160423003801310 160423003801308
160426006701097 160426006701102
160426006701102 160426006701097
160514003301047 160514003301136
160514003301136 160514003301047
160518001901012 170515004101280
160518001901378 170515004101292
160524002101044 171228004201333
160524002101060 160524002101044
160531002601015 150409006601016
160531004101152 170603006101152
160531004101177 170724002601163
#160812003101254 150827002901252
#160812003101336 150827002901326
160813001601029 160813001601030
160813001601030 160813001601029
160813002101209 140710004601206
160813003101356 160813003101358
160813003101358 160813003101356
160815002601125 160815002601127
160815002601127 160815002601125
160815004301338 160815004301342
160815004301342 160815004301338
160919005101273 161217002101318
160923003701093 151109002601093
161006004901025 161006004901026
161006004901026 161006004901025
161009004301039 161107002101042
161011003401266 161213003101153
161012003201212 161213002101187
161013004901159 170910006101001
161106002601201 161106002601249
161106002601249 161106002601201
161107002101042 161009004301039
161109003901088 161109003901091
161109003901091 161109003901088
161117003001291 161117003001295
161117003001295 161117003001291
161117004001133 161117004001153
161117004001153 161117004001133
161118004001216 161218003101348
#161209001801080 170904002101082
#161209001801082 171206002601080
161212001601321 171104002301321
161212002101073 171003004101062
161213001601090 170908003401090
161213002101187 161012003201212
161213002101192 161213002101187
161213002601139 131120002501098
161213002601222 161219002101222
161213003101153 170911005301169
161213004101197 161213004101215
161213004101215 161213004101197
161213004601011 161213004601017
161213004601017 161213004601011
161217002101318 160919005101273
161217002601243 161217002601252
161217002601252 161217002601243
161217005601145 161217005601159
161217005601159 161217005601145
161218002101039 161218002101040
161218002101040 161218002101039
161218002101113 150831006001335
161218002601019 171104001801215
161218003101348 161118004001216
#161219001801090 171206001602090
161219002101139 131120002501098
161219002101222 161213002601222
161228002501291 160110002601291
161229002701251 150102002701255
161229002701276 150102002701275
#170107001801090 170908003401090
#170107001802090 170908003401090
170108002201232 170108002201252
170108002201252 170108002201232
170109002801101 150108002201269
170109003801018 170109003801032
170109003801032 170109003801018
170113001601318 160919005101273
170114001601318 160919005101273
170131001801045 170131001801046
170131001801046 170131001801045
170203001601181 170203001601182
170203001601182 170203001601181
170205002801174 170203001601182
170205002801180 170203001601181
170216003301016 170216003301017
170216003301017 170216003301016
170219003101228 150427001301227
170219003101287 150427001301281
170219004101139 160403004201140
170220003601063 170220003601066
170220003601066 170220003601063
170407003101037 170407003101385
170407003101385 170407003101037
170410003301152 170410003301158
170410003301158 170410003301152
170410003901292 170410003901297
170410003901297 170410003901292
170418001601352 170418001601356
170418001601356 170418001601352
170506002401206 170506002401222
170506002401222 170506002401206
170506002401273 170506002401285
170506002401285 170506002401273
170506005401263 170506005401269
170506005401269 170506005401263
170509003701153 170509003701155
170509003701155 170509003701153
170510004801027 170510004801039
170510004801039 170510004801027
170510006301092 170510006301109
170510006301109 170510006301092
170515004101280 160518001901012
170515004101292 160518001901378
170517002301320 140412001701320
170602003701093 170602003701106
170602003701106 170602003701093
170603005601008 170603005601010
170603005601010 170603005601008
170603006101152 160531004101152
170614002101176 140311008101178
170713005601028 170713005601395
170713005601395 170713005601028
170723005101147 151109002101145
170723005101228 151109002101230
170724002601163 160531004101177
170724005101147 151109002101145
170724005101228 151109002101230
170725004601131 170725004601137
170725004601137 170725004601131
170801003401336 170906001601315
170829001101241 170830001801241
170830001801241 170829001101241
170904000101009 170904000101010
170904000101010 170904000101009
170904002101080 170904002101082
170904002101082 171206002601080
#170904002102080 170904002101082
#170904002102082 171206002601080
170905002601123 170905002601125
170905002601125 170905002601123
170905003101008 170905003101009
170905003101009 170906003601008
170906001601315 170801003401336
170906003601008 170905003101009
170906003601009 170906003601008
#170906003602008 170905003101009
#170906003602009 170906003601008
170908003401090 171206001602090
170910005601090 170908003401090
170910006101001 161013004901159
170911005301169 161213003101153
171003004101062 161212002101073
171104001801215 161218002601019
171104002301321 161212001601321
171106005201327 171106005201329
171106005201329 171106005201327
171206001601090 170908003401090
#171206001602090 170908003401090
171206002101138 131120002501098
171206002101222 161213002601222
#171206002102138 131120002501098
#171206002102222 161213002601222
171206002601080 170904002101082
171206002601082 171206002601080
#171206002602080 170904002101082
#171206002602082 171206002601080
171206005101090 150207002601099
171207001601091 171206001602090
171207002101138 131120002501098
171207002101222 161219002101222
171207002701318 161217002101318
171208001601318 160919005101273
#171208001602318 160919005101273
171228004201333 160524002101044
#171228004202333 160524002101044
171230001601367 171206001602090
#171230001602367 171206001602090
171230002601062 140309002101091
180101003101291 131216001102391
180103001601148 151009004101148
